8  : 0 1 0 0 1 1
9  : 0 0 0 0 0 0
11 : 1 1 0 0 1 1
12 : 0 0 0 0 0 0
13 : 0 0 0 0 0 0
14 : 1 1 1 0 1 1
15 : 0 0 0 0 0 0
17 : 0 0 0 0 0 0
19 : 0 1 0 0 0 1

1  departure location: 44-709 or 728-964
2  departure station: 42-259 or 269-974
3  departure platform: 39-690 or 701-954
4  departure track: 49-909 or 924-965
5  departure date: 48-759 or 779-957
6  departure time: 38-115 or 121-965
7  arrival location: 32-808 or 818-949
8  arrival station: 45-418 or 439-949
9  arrival platform: 35-877 or 894-962
10 arrival track: 26-866 or 872-958
11 class: 32-727 or 736-969
12 duration: 35-446 or 460-968
13 price: 26-545 or 571-961
14 route: 35-207 or 223-960
15 row: 43-156 or 165-955
16 seat: 26-172 or 181-966
17 train: 49-582 or 606-952
18 type: 36-279 or 303-968
19 wagon: 26-657 or 672-959
20 zone: 36-621 or 637-963

                       1 1 1 1 1 1 1 1 1 1 2
     1 2 3 4 5 6 7 8 9 0 1 2 3 4 5 6 7 8 9 0
	 ---------------------------------------
5  : 1 1 1 1 1 1 1 1 0 0 1 0 1 1 1 1 0 1 1 1
7  : 1 1 1 1 1 1 1 1 0 0 0 0 1 1 0 1 0 1 1 1
8  : 1 1 1 1 1 1 1 1 1 0 1 1 1 1 1 1 0 1 1 1
11 : 1 1 1 1 1 1 1 1 0 0 1 1 1 1 1 1 0 1 1 1
15 : 1 1 1 0 1 1 1 1 0 0 0 0 1 1 0 1 0 1 1 1
17 : 1 1 1 1 1 1 1 1 1 0 1 1 1 1 1 1 1 1 1 1
19 : 1 1 1 1 1 1 1 1 0 0 0 0 1 1 1 1 0 1 1 1




raw
0  : 1 1 1 1 1 1 1 1 1 1 1 1 1 1 1 1 1 1 1 0
1  : 1 1 1 1 1 1 1 0 1 1 1 1 1 1 1 1 1 1 1 0
2  : 0 1 0 0 0 0 1 0 0 0 0 0 1 1 0 1 0 0 1 0 
3  : 0 0 0 0 0 0 1 0 0 0 0 0 0 1 0 1 0 0 1 0
4  : 1 1 1 1 1 1 1 0 0 0 1 0 1 1 1 1 0 0 1 0
5  : 1 1 1 1 1 1 1 0 1 1 1 1 1 1 1 1 1 0 1 0
6  : 1 1 1 1 1 1 1 0 0 0 0 0 1 1 0 1 0 0 1 0
7  : 1 1 1 1 1 1 1 0 1 0 1 1 1 1 1 1 0 0 1 0
8  : 0 1 0 0 1 1 1 0 0 0 0 0 1 1 0 1 0 0 1 0
9  : 0 0 0 0 0 0 1 0 0 0 0 0 0 1 0 0 0 0 0 0
10 : 1 1 1 1 1 1 1 0 0 0 1 1 1 1 1 1 0 0 1 0
11 : 1 1 0 0 1 1 1 0 0 0 0 0 1 1 0 1 0 0 1 0
12 : 0 0 0 0 0 0 1 0 0 0 0 0 0 0 0 0 0 0 0 0
13 : 0 0 0 0 0 0 0 0 0 0 0 0 0 0 0 0 0 0 0 0
14 : 1 1 1 0 1 1 1 0 0 0 0 0 1 1 0 1 0 0 1 0
15 : 0 0 0 0 0 0 1 0 0 0 0 0 0 1 0 0 0 0 1 0
16 : 1 1 1 1 1 1 1 0 1 0 1 1 1 1 1 1 1 0 1 0
17 : 0 0 0 0 0 0 1 0 0 0 0 0 1 1 0 1 0 0 1 0
18 : 1 1 1 1 1 1 1 0 0 0 0 0 1 1 1 1 0 0 1 0
19 : 0 1 0 0 0 1 1 0 0 0 0 0 1 1 0 1 0 0 1 0 

